1	33.848431	-109.145699
1	34.73996	-112.009743
1	34.77618	-81.00959
1	37.023579	-107.420853
1	37.82349	-76.700958
1	38.55518	-85.080612
1	39.642891	-80.85791
1	40.08704	-79.749077
1	41.11927	-98.547234
1	41.8909	-80.365692
1	42.492802	-89.036301
1	43.186062	-73.044441
1	43.302872	-72.487762
1	44.776989	-122.616219
1	47.173222	-88.429329
1	47.441818	-95.976143
1	29.690571	-95.900047
1	31.716881	-93.509209
1	34.307308	-82.662903
1	34.666698	-83.099022
1	35.157372	-99.060539
1	35.53167	-81.029587
1	35.771332	-87.783684
1	36.06974	-79.564217
1	39.43021	-85.01123
1	39.71302	-91.206192
1	40.05938	-75.744469
1	40.079899	-79.863419
1	40.826542	-73.973701
1	41.02774	-97.406288
1	41.27739	-86.046837
1	41.543671	-109.851303
1	41.751572	-75.808853
1	41.998859	-70.055634
1	44.430382	-93.206863
1	44.731911	-93.971657
1	47.512131	-122.500771
1	32.6768	-94.575287
1	33.238251	-82.230522
1	33.327721	-81.78022
1	33.95319	-84.545883
1	33.9702	-81.064194
1	34.214352	-78.616707
1	36.067532	-81.255119
1	36.144451	-103.132759
1	36.73283	-121.279961
1	37.311981	-79.521393
1	37.368961	-82.41806
1	37.890968	-121.250992
1	39.460018	-89.405197
1	39.986542	-88.822456
1	41.280651	-76.713081
1	42.394051	-84.251152
1	42.577	-111.730423
1	42.647469	-95.201393
1	43.305328	-70.979408
1	44.79496	-74.787743
1	29.91066	-90.144234
1	32.770851	-80.453033
1	34.607571	-82.112648
1	35.96825	-91.319344
1	36.27594	-99.340401
1	36.53035	-95.701088
1	36.862122	-87.837067
1	37.33807	-76.754951
1	37.549728	-121.199989
1	40.365829	-74.951958
1	40.995651	-88.206581
1	41.402168	-102.343643
1	41.84399	-77.274246
1	42.928589	-91.386017
1	43.46616	-83.05014
1	44.603989	-89.854279
1	44.786888	-95.342339
1	45.486069	-117.430397
1	47.226791	-117.073624
1	60.541451	-145.752228
